radix=10;
coefdata=0.017306,0.050578,0.099825,0.150435,0.182801,0.182801,0.150435,0.099825,0.050578,0.017306;